1360.375
1356.0349999999999
1351.6550000000002
1350.835
1350.8949999999995
1356.3050000000012
1355.380000000001
1350.7399999999998
5308.014999999999
1351.9650000000001
1349.0900000000001
1349.7800000000025
1350.0250000000015
1349.3500000000022
1349.2900000000009
8420.574999999997
1352.6650000000009
1349.7799999999988
1349.3250000000044
1349.8800000000047
1349.8050000000003
1349.3349999999991
1349.4049999999988
1349.2200000000012
1350.1150000000052
1350.060000000005
1349.4449999999997
1349.6949999999997
1350.3150000000023
1350.1849999999977