481813
1698
982
20237
4214
36113
31844
1878
1568
18951
9138
27475
2907
12373
1609
9182
4501
1669
17363
45673
44
2322
11760
10689
1187
642
404
22365
2482
656
835
135
4
127
932
141
1706
1767
913
25865
2896
28
808
787
50
226
72
1888
5200
1204
29629
706
183
758
305
237
1597
753
1147
3776
2151
549
3
13993
1700
2419
949
1991
2514
1437
13494
3244
2875
16677
3899
1516
425
1801
152
26
248
31463
1086
983
466
144
1219
24539
1200
1223
80
540
290
117
25781
55
435
562
517
648
476
1575
1763
1382
138
18259
1680
467
1259
3577
26
483
1285
379
22960
1731
2353
179
920
715
114
289
3424
128
2016
464
17698
1489
154
155
1342
132
17784
1235
1495
10934
14864
4752
9841
10099
8842
29186
242
2104
3420
32434
1416
18866
2685
4773
5
23182
6052
414
16400
22271
49462
1301
121729
13329
24157
808
646
1877
455
2739
359
30844
1454
18074
14792
17091
8671
3494
10650
31
7477
2325
7662
15572
3060
385
14572
4408
2040
4453
7528
10310
2045
521
269
1270
18660
1514
15746
3366
1324
543
330
64
1016
136
2409
876
17648
598
5068
2677
3289
722
28
2984
490
274
2459
16399
263
134
1469
2405
27
7
403
434
155
183
4453
125
760
12273
706
1029
923
5670
15
1795
332
808
9
1746
997
2566
17436
41
108
2965
776
910
161
1671
2442
21
770
332
4437
54
1984
14614
1635
240
928
165
5
754
1836
414
3007
2
1281
1347
4432
1779
171
7967
2649
103
1449
1493
1845
27080
1961
297
1254
1790
21
475
5842
2216
3703
5033
1700
8595
2125
13
1116
667
254
0
1487
1592
2107
5157
2548
3536
1487
585
5668
7364
15081
1545
130
875
37
1717
809
289
692
4778
2134
120
1348
9926
1886
4323
1036
6565
303
5425
2129
1672
43187
8613
3810
5737
9092
1619
13771
2654
17001
4288
3054
16917
823
18902
8917
914
6358
14461
999
3528
108
14248
7
7107
12072
4766
5176
1500
26145
4526
3672
14640
733
1261
4031
5410
28
1249
19766
4714
839
988
3072
5341
954
2998
4755
7416
6728
8823
3357
781
165
1068
17682
1091
1201
40415
6413
14225
3939
8272
7177
3940
4244
13804
1312
2449
1637
15723
4421
321
5583
28089
6194
6188
5625
596
48
25195
13233
5041
34763
1976
45059
2690
25764
315
15764
10149
48408
519
26601
239
6871
12054
8541
14361
5220
12371
863
12823
25145
40426
606
8229
69804
17
20464
22707
8248
6607
38748
86150
717
50471
22
7236
17650
29647
10946
13377
14036
1455
76683
16166
15779
9981
7085
15144
32744
13814
12574
3335
18538
33282
28705
21
35452
833
40785
44066
5529
12079
5981
21429
17069
11837
33346
53673
38911
20625
1024
19861
35844
68
11687
127231
16564
53090
20375
1765
61902
192516
35734
21821
14853
20
98023
123341
74301
78010
201
116
3
50383
28387
51246
11069
1624
53584
12754
9240
22445
20413
121140
16239
1611
15971
106339
103670
48296
28213
11433
45
152120
1395
51562
118662
55166
596
211641
60037
25531
112257
13818
7310
182675
191273
47021
23745
6629
2072
33667
87110
153702
11876
112822
36367
78683
14898
6117
83696
15538
10107
5767
14154
438
47433
2295
34
17040
9102
86831
2259
1052
104403
17274
3714
2513
68929
2908
2
47511
2226
1434
31332
14876
48371
939
39
6758
11658
25835
55607
3934
24079
138081
12122
11492
43968
21663
4816
90928
132282
4718
61339
92003
1960
21996
66560
3703
10444
410
13519
1817
131292
2934
15716
22254
13050
788
8134
22483
81645
6240
15646
30
21622
16506
5544
38670
169668
17523
1546
18601
12028
3096
2724
15575
1268
2722
28384
3247
5282
15390
21615
1661
91155
2588
1189
1031
874
3844
29287
22552
92681
1456
268
185
1046
1970
5871
17082
6281
4684
301
1085
1045
36153
29
1207
4577
13876
14
3605
45551
15902
10729
50036
97208
147215
41817
25704
131027
4847
45378
1350
824
37060
482
19745
6609
43940
51982
2493
928
55977
1415
23426
24370
36
2048
35
13077
21393
21474
21485
8448
1903
1128
18770
20023
93905
2513
155
36643
44578
3692
2027
63623
2210
1355
1202
57631
107221
39157
6867
15832
5914
10881
26614
2548
42277
23763
95591
65061
2011
97530
2799
3020
9890
24
1647
294
56975
13717
16087
10189
3774
123971
3216
3772
49228
2199
74
4
918
1337
3894
49286
30088
4952
15463
48138
106304
123015
1193
2717
